# objid id_nircam z ra_nirspec dec_nirspec mag_F444W z_phot_nircam mag_F160W mag_F814W z_phot_wfc3ir logoh err_logoh_neg err_logoh_pos logm_16 logm_50 logm_84 logsfr_16 logsfr_50 logsfr_84 av_16 av_50 av_84 t_lw_16 t_lw_50 t_lw_84 beta_16 beta_50 beta_84 Muv_16 Muv_50 Muv_84 mu_16 mu_50 mu_84 logre_uv_kpc ref sfr_Hb4861_16 sfr_Hb4861_50 sfr_Hb4861_84 sfr_Ha6564_16 sfr_Ha6564_50 sfr_Ha6564_84 r_offset_arcsec msa_flux_frac
10001 11256 6.119 177.38835140 22.38239098 26.4 6.430 26.5 28.2 6.360 -99.000 -0.000 0.000 9.405 9.414 9.424 0.760 0.767 0.774 0.001 0.003 0.007 -1.407 -1.066 -0.906 -2.406 -2.391 -2.370 -19.947 -19.965 -19.986 1.516 1.490 1.552 -0.738 morishita+24 -inf nan nan -inf nan nan 0.068 0.379
10007 -99 5.583 177.42004390 22.38866615 -99.0 -99.000 27.9 29.2 5.800 -99.000 -0.000 0.000 7.115 7.479 8.228 -0.288 -0.120 0.111 0.044 0.094 0.152 -2.205 -1.769 -0.969 -2.315 -2.061 -1.806 -17.283 -17.391 -17.483 3.343 3.214 3.479 -0.738 morishita+24 0.615 0.729 0.819 0.581 0.610 0.636 0.037 nan
10010 12898 6.311 177.41294860 22.41885757 25.7 6.510 26.2 29.1 6.580 7.658 0.158 0.207 9.562 9.592 9.609 0.911 0.970 1.030 0.013 0.031 0.054 -1.319 -1.044 -0.855 -2.156 -2.100 -2.039 -20.115 -20.146 -20.171 1.375 1.361 1.397 -0.441 morishita+24 1.017 1.030 1.043 1.088 1.097 1.105 0.030 0.436
10018 13916 6.372 177.41464230 22.41705704 27.8 6.580 27.4 -99.0 6.730 7.276 99.000 -99.000 8.661 8.731 8.760 0.393 0.411 0.428 0.009 0.029 0.055 -1.656 -1.425 -1.200 -2.663 -2.600 -2.528 -19.057 -19.105 -19.153 1.398 1.382 1.422 -0.524 morishita+24 0.736 0.776 0.813 0.842 0.861 0.878 0.075 0.506
150742 19888 3.678 177.42926030 22.41584969 23.4 3.890 -99.0 26.4 -99.000 -99.000 -0.000 0.000 10.394 10.427 10.452 1.699 1.867 2.041 0.589 0.645 0.709 -0.951 -0.789 -0.628 -0.600 -0.431 -0.252 -18.709 -18.820 -18.909 1.235 1.228 1.254 0.337 morishita+24 0.944 0.999 1.048 1.262 1.270 1.278 0.092 0.775
150880 22241 4.247 177.40365600 22.36835480 26.6 4.740 27.2 26.8 4.680 8.000 0.082 0.095 9.241 9.277 9.293 0.900 0.935 0.986 0.002 0.013 0.084 -1.006 -0.649 -0.448 -1.696 -1.667 -1.619 -19.164 -19.194 -19.224 1.323 1.314 1.345 -0.706 morishita+24 1.433 1.447 1.460 1.501 1.505 1.510 0.043 0.411
150903 21271 4.659 177.42420960 22.40887450 26.4 4.800 27.4 26.8 4.800 7.904 0.090 0.108 9.243 9.249 9.255 0.890 0.908 0.927 0.001 0.004 0.010 -0.900 -0.625 -0.446 -1.733 -1.721 -1.709 -19.224 -19.245 -19.268 1.380 1.366 1.408 -0.455 morishita+24 0.793 0.829 0.861 -inf nan nan 0.024 0.341
2 15655 7.232 177.41770940 22.41743088 23.8 7.800 25.0 -99.0 7.460 7.921 0.043 0.045 9.437 9.464 9.486 1.888 1.941 2.006 0.229 0.269 0.316 -2.133 -1.845 -1.576 -1.396 -1.345 -1.279 -20.963 -21.007 -21.058 1.381 1.366 1.402 -0.472 morishita+24 1.735 1.751 1.766 -inf nan nan 0.050 0.538
20014 12089 3.693 177.39159950 22.38426370 27.2 3.650 27.2 26.8 3.890 -99.000 -0.000 0.000 8.144 8.262 8.387 0.158 0.172 0.195 0.172 0.183 0.193 -2.091 -1.794 -1.602 -2.249 -2.222 -2.203 -18.407 -18.430 -18.451 1.592 1.561 1.640 -0.556 morishita+24 -inf nan nan 0.710 0.718 0.725 0.068 0.072
20018 15397 3.685 177.39918560 22.38410890 26.4 3.610 27.2 27.1 3.890 6.128 99.000 -99.000 8.509 8.562 8.632 0.073 0.109 0.146 0.171 0.183 0.197 -1.439 -1.241 -1.100 -2.066 -2.033 -1.998 -17.818 -17.841 -17.863 1.937 1.895 2.028 -0.944 morishita+24 -inf nan nan 0.827 0.836 0.845 0.050 0.205
20024 -99 3.696 177.42420180 22.38625670 -99.0 -99.000 23.5 23.8 0.430 7.148 99.000 -99.000 10.182 10.232 10.290 1.717 1.763 1.816 0.033 0.051 0.067 -0.634 -0.485 -0.354 -1.708 -1.663 -1.607 -21.223 -21.259 -21.290 2.087 2.048 2.142 -0.944 morishita+24 1.410 1.434 1.458 1.575 1.582 1.590 0.024 nan
20028 12107 3.345 177.41047600 22.41930990 23.6 3.390 24.0 24.2 3.470 7.785 0.060 0.067 9.745 9.785 9.799 1.835 1.848 1.857 0.322 0.325 0.328 -2.138 -1.876 -1.704 -1.653 -1.641 -1.632 -21.340 -21.345 -21.352 1.357 1.344 1.376 0.131 morishita+24 1.723 1.735 1.746 1.765 1.769 1.773 0.077 0.769
20044 3681 3.732 177.38372480 22.40620320 25.4 3.650 25.9 26.6 3.890 7.485 99.000 -99.000 9.080 9.113 9.145 0.626 0.653 0.680 0.151 0.168 0.184 -0.936 -0.768 -0.655 -1.910 -1.882 -1.857 -18.907 -18.924 -18.945 2.867 2.823 2.942 0.221 morishita+24 1.437 1.451 1.464 -inf nan nan 0.076 0.626
3 4529 9.114 177.38990780 22.41271019 25.6 9.530 25.5 -99.0 5.660 7.816 0.067 0.075 7.750 7.768 7.805 0.492 0.519 0.547 0.043 0.058 0.073 -2.295 -2.113 -1.964 -2.102 -2.078 -2.051 -19.025 -19.039 -19.055 12.514 7.555 24.557 -1.398 morishita+24 0.839 0.857 0.875 -inf nan nan 0.070 0.566
30055 3245 3.214 177.38812510 22.41566820 24.9 3.390 25.3 25.5 3.390 7.906 0.137 0.177 8.643 8.684 8.727 0.540 0.565 0.593 0.059 0.070 0.082 -1.067 -0.881 -0.761 -1.720 -1.695 -1.667 -18.316 -18.329 -18.344 5.793 4.024 11.710 -0.707 morishita+24 0.638 0.658 0.678 0.752 0.759 0.766 0.032 0.661
30093 -99 4.194 177.41510010 22.41821671 -99.0 -99.000 26.1 25.8 4.740 7.820 99.000 -99.000 9.072 9.180 9.221 0.931 0.995 1.053 0.003 0.017 0.043 -1.260 -0.993 -0.844 -1.865 -1.803 -1.745 -19.595 -19.643 -19.676 1.343 1.330 1.363 -0.707 morishita+24 1.112 1.162 1.207 1.208 1.234 1.259 0.058 nan
320002 22221 4.658 177.42825320 22.40945244 27.5 4.680 -99.0 26.8 -99.000 7.409 0.157 0.193 8.633 8.679 8.756 0.654 0.705 0.747 0.064 0.105 0.124 -1.503 -1.304 -1.135 -2.037 -1.984 -1.946 -19.270 -19.290 -19.312 1.318 1.307 1.344 -0.760 morishita+24 0.527 0.577 0.623 0.709 0.719 0.730 0.029 0.385
320005 18112 4.658 177.42258010 22.41445854 -99.0 -99.000 -99.0 -99.0 -99.000 8.350 99.000 -99.000 9.581 9.600 9.618 1.389 1.408 1.424 0.072 0.080 0.085 -0.969 -0.815 -0.706 -1.768 -1.750 -1.733 -20.543 -20.553 -20.561 1.324 1.313 1.345 -0.525 morishita+24 1.240 1.259 1.278 -inf nan nan 0.085 0.653
320108 17149 4.257 177.40257260 22.38406940 23.7 4.250 23.8 23.6 4.140 8.358 0.049 0.054 10.129 10.131 10.132 1.566 1.568 1.569 0.248 0.249 0.249 -1.541 -1.408 -1.316 -2.211 -2.210 -2.209 -21.858 -21.859 -21.860 2.200 2.136 2.309 -0.819 morishita+24 1.836 1.841 1.846 -inf nan nan 0.062 0.457
4 1483 7.238 177.38294980 22.41203880 27.6 7.800 28.0 -99.0 7.540 7.214 99.000 -99.000 7.637 7.758 7.878 -0.117 -0.091 0.005 0.021 0.064 0.116 -2.122 -1.825 -1.580 -2.359 -2.264 -2.134 -17.736 -17.797 -17.861 2.969 2.890 3.141 -1.264 morishita+24 0.444 0.483 0.518 -inf nan nan 0.032 0.028
60000 2313 5.585 177.37896830 22.40241860 24.4 5.590 25.0 25.9 5.590 -99.000 -0.000 0.000 9.570 9.626 9.684 1.305 1.326 1.345 0.000 0.001 0.003 -1.084 -1.007 -0.944 -2.049 -2.028 -2.008 -20.992 -21.002 -21.011 2.084 2.061 2.118 -0.656 morishita+24 0.933 0.976 1.015 1.038 1.052 1.065 0.038 0.474
60001 13327 5.686 177.41201450 22.41577630 24.0 5.930 24.7 27.8 6.000 7.687 99.000 -99.000 10.356 10.373 10.389 1.625 1.657 1.688 0.196 0.210 0.222 -0.973 -0.918 -0.865 -1.892 -1.858 -1.824 -21.281 -21.296 -21.313 1.475 1.453 1.501 -0.181 morishita+24 1.614 1.631 1.647 1.751 1.758 1.764 0.098 0.717
60002 5750 5.594 177.38254020 22.39540710 25.2 5.660 25.8 27.0 6.000 -99.000 -0.000 0.000 9.187 9.228 9.306 0.999 1.043 1.083 0.006 0.015 0.030 -1.387 -1.098 -0.905 -1.971 -1.923 -1.883 -20.054 -20.075 -20.093 2.195 2.153 2.235 -0.413 morishita+24 nan -1.645 -1.089 nan -2.534 -1.560 0.104 0.693
60003 1841 5.465 177.37573890 22.39901750 25.0 5.660 25.7 26.4 5.730 -99.000 -0.000 0.000 9.148 9.194 9.262 1.040 1.072 1.111 0.001 0.006 0.012 -1.510 -1.307 -1.170 -2.184 -2.152 -2.114 -20.598 -20.615 -20.636 1.685 1.669 1.710 -0.331 morishita+24 1.359 1.438 1.505 1.251 1.291 1.328 0.099 0.555
80001 6954 5.974 177.39586000 22.41236500 28.8 5.660 -99.0 -99.0 -99.000 -99.000 -0.000 0.000 5.622 6.355 7.018 -1.412 -1.346 -1.154 0.016 0.050 0.147 -2.784 -2.049 -1.337 -2.504 -2.303 -2.051 -14.506 -14.682 -14.821 11.256 7.415 24.111 -2.446 morishita+24 nan -2.379 -1.921 -1.695 -1.624 -1.563 0.057 0.095
80002 10832 4.495 177.39455000 22.39432100 28.4 4.740 28.3 27.8 4.740 7.501 99.000 -99.000 7.299 7.546 7.891 -0.594 -0.557 -0.404 0.104 0.130 0.199 -1.969 -1.706 -1.273 -2.268 -2.216 -2.056 -16.502 -16.596 -16.664 5.675 5.295 5.914 -1.889 morishita+24 -inf nan nan -inf nan nan 0.029 0.338
20036 5631 3.450 177.39289630 22.41289250 28.1 3.750 24.7 26.3 3.890 7.153 99.000 -99.000 7.620 7.666 7.706 -0.226 -0.202 -0.179 0.138 0.148 0.159 -1.698 -1.553 -1.442 -2.226 -2.202 -2.180 -17.441 -17.455 -17.470 3.942 3.859 4.072 -99.000 morishita+24 -99.000 -99.000 -99.000 -99.000 -99.000 -99.000 0.037 0.000
30010 5413 3.013 177.38722410 22.40461930 25.7 3.260 25.5 25.7 3.300 7.281 99.000 -99.000 8.793 8.814 8.837 0.659 0.674 0.688 0.105 0.111 0.117 -1.472 -1.203 -1.045 -2.057 -2.044 -2.032 -19.316 -19.328 -19.342 2.053 0.443 2.968 -99.000 morishita+24 -99.000 -99.000 -99.000 -99.000 -99.000 -99.000 0.065 0.652
# Jades sample
18090 93619 4.769 53.16717990 -27.77461520 28.2 99.000 99.0 99.0 99.000 7.643 0.170 0.212 8.465 8.579 8.626 -0.118 0.386 0.700 0.006 0.153 0.218 -0.876 -0.552 -0.376 -1.621 -1.047 -0.846 -16.337 -16.490 -16.981 1 1 1 0.005 jades 1.140 1.177 1.211 1.097 1.130 1.160 0.058 0.000
18322 94025 3.153 53.13170730 -27.77411930 28.4 99.000 99.0 99.0 99.000 7.261 0.147 0.197 7.127 7.289 7.523 -0.520 -0.253 0.083 0.008 0.043 0.073 -2.210 -1.726 -1.249 -2.449 -2.126 -1.878 -16.687 -17.212 -17.563 1 1 1 -0.310 jades 0.473 0.513 0.550 0.521 0.533 0.544 0.026 0.362
18846 94996 6.336 53.13491670 -27.77270880 27.3 99.000 99.0 99.0 99.000 7.550 0.172 0.223 8.338 8.407 8.485 0.714 0.718 0.723 0.056 0.065 0.072 -2.316 -2.077 -1.860 -2.618 -2.602 -2.584 -19.855 -19.868 -19.884 1 1 1 -0.622 jades 1.181 1.210 1.236 1.321 1.333 1.344 0.084 0.348
19519 95914 3.604 53.16608600 -27.77126230 27.1 99.000 99.0 99.0 99.000 7.418 0.162 0.206 8.537 8.638 8.715 0.501 0.631 0.768 0.212 0.257 0.313 -1.132 -0.981 -0.844 -1.494 -1.368 -1.229 -17.672 -17.777 -17.864 1 1 1 -0.444 jades 0.697 0.724 0.751 0.679 0.690 0.700 0.030 0.342
22251 99226 5.803 53.15406950 -27.76607230 27.0 99.000 99.0 99.0 99.000 7.224 0.094 0.185 7.747 7.904 8.124 0.437 0.493 0.566 0.080 0.114 0.136 -2.665 -2.325 -1.971 -2.232 -2.181 -2.111 -19.108 -19.163 -19.212 1 1 1 -0.189 jades 1.126 1.157 1.185 1.195 1.206 1.217 0.070 0.404
10058975 93645 9.435 53.11243400 -27.77460900 27.5 99.000 99.0 99.0 99.000 7.106 0.147 0.248 8.172 8.358 8.677 0.833 0.895 1.186 0.111 0.199 0.302 -3.060 -2.747 -2.253 -2.531 -2.210 -1.887 -20.013 -20.175 -20.293 1 1 1 -99.000 jades 1.540 1.586 1.627 -inf nan nan 0.062 0.000
# Nakajima sample
ERO_04590 3186 8.496 110.85932870 -73.44916560 26.0 0.000 0.0 0.0 0.000 7.103 0.110 0.130 7.903 8.115 8.347 0.014 0.162 0.314 0.161 0.235 0.294 -99.000 -99.000 -99.000 -2.106 -1.972 -1.837 -20.047 -20.134 -20.211 8.700 8.700 8.700 -99.000 nakajima+23 -99.000 -99.000 -99.000 -99.000 -99.000 -99.000 0.066 0.236
ERO_5144 2291 6.378 110.83967390 -73.44535700 27.9 0.000 0.0 0.0 0.000 7.897 0.090 0.100 8.096 8.249 8.382 0.028 0.740 1.513 0.406 0.631 0.881 -99.000 -99.000 -99.000 -0.806 0.172 1.037 -16.218 -16.962 -17.499 3.180 3.180 3.180 -0.634 nakajima+23 -99.000 -99.000 -99.000 -99.000 -99.000 -99.000 0.026 0.262
ERO_6355 1045 7.665 110.84459420 -73.43505900 24.4 0.000 0.0 0.0 0.000 8.294 0.090 0.110 8.700 8.817 8.975 1.172 1.257 1.337 0.170 0.214 0.250 -99.000 -99.000 -99.000 -1.986 -1.903 -1.800 -20.885 -20.934 -20.978 1.780 1.780 1.780 -0.572 nakajima+23 -99.000 -99.000 -99.000 -99.000 -99.000 -99.000 0.058 0.487
ERO_10612 769 7.660 110.83396490 -73.43452320 25.8 0.000 0.0 0.0 0.000 7.670 0.060 0.070 8.111 8.269 8.437 0.710 0.727 0.774 0.061 0.117 0.166 -99.000 -99.000 -99.000 -2.438 -2.334 -2.236 -20.419 -20.484 -20.538 1.860 1.860 1.860 -0.721 nakajima+23 -99.000 -99.000 -99.000 -99.000 -99.000 -99.000 0.092 0.429
GLASS_100003 17751 7.877 3.60450890 -30.38044390 25.1 0.000 0.0 0.0 0.000 7.681 0.130 0.170 8.942 8.990 9.034 1.237 1.267 1.301 0.097 0.134 0.162 -99.000 -99.000 -99.000 -1.884 -1.850 -1.823 -20.700 -20.726 -20.748 1.340 1.340 1.340 -0.672 nakajima+23 -99.000 -99.000 -99.000 -99.000 -99.000 -99.000 0.088 0.395
GLASS_10021 5260 7.286 3.60851110 -30.41854050 24.7 0.000 0.0 0.0 0.000 7.889 0.090 0.110 8.418 8.453 8.599 1.301 1.331 1.372 0.145 0.170 0.184 -99.000 -99.000 -99.000 -2.275 -2.225 -2.175 -21.815 -21.842 -21.871 1.720 1.720 1.720 -0.331 nakajima+23 -99.000 -99.000 -99.000 -99.000 -99.000 -99.000 0.092 0.556
GLASS_150029 4478 4.584 3.57716640 -30.42257600 26.2 0.000 0.0 0.0 0.000 7.774 0.070 0.080 9.108 9.137 9.160 0.634 0.723 0.815 0.000 0.001 0.009 -99.000 -99.000 -99.000 -1.912 -1.797 -1.690 -19.315 -19.391 -19.472 1.480 1.480 1.480 -0.597 nakajima+23 -99.000 -99.000 -99.000 -99.000 -99.000 -99.000 0.053 0.264
GLASS_160133 4067 4.015 3.58027540 -30.42440410 26.2 0.000 0.0 0.0 0.000 8.010 0.050 0.050 8.683 8.721 8.744 0.436 0.526 0.788 0.006 0.065 0.103 -99.000 -99.000 -99.000 -1.952 -1.888 -1.803 -19.006 -19.082 -19.154 1.540 1.540 1.540 -0.665 nakajima+23 -99.000 -99.000 -99.000 -99.000 -99.000 -99.000 0.017 0.404
CEERS_01027 -99 7.825 214.88299410 52.84041590 -99.0 0.000 0.0 0.0 0.000 7.755 0.140 0.190 8.684 9.016 9.142 0.954 1.019 1.123 0.027 0.094 0.128 -99.000 -99.000 -99.000 -99.000 -99.000 -99.000 -99.000 -99.000 -99.000 1.000 1.000 1.000 -99.000 nakajima+23 -99.000 -99.000 -99.000 -99.000 -99.000 -99.000 0.078 nan
CEERS_01536 -99 5.036 214.97722670 52.94078210 -99.0 0.000 0.0 0.0 0.000 7.654 0.120 0.150 7.660 8.850 10.040 0.980 1.200 1.350 0.000 0.000 0.000 -99.000 -99.000 -99.000 -99.000 -99.000 -99.000 -99.000 -99.000 -99.000 1.000 1.000 1.000 -99.000 nakajima+23 -99.000 -99.000 -99.000 -99.000 -99.000 -99.000 0.029 nan
